0.58732
0.43556
0.15676
0.09961
0.24418
0.19040
0.17255
0.13847
0.19595
0.20292
0.20085
0.18463
0.14272
0.13336
0.11833
0.10255
0.11703
0.10309
0.10407
0.09504
0.14577
0.10005
0.11148
0.15807
0.08622
0.10930
0.16329
0.23155
0.21011
0.19976
0.25430
0.16700
0.23819
0.21740
0.17451
0.09961
0.14294
0.08611
0.05465
0.05040
0.06564
0.04975
0.03756
0.02983
0.02961
0.02743
0.02395
0.02275
0.02613
0.02667
0.02591
0.02439
0.02809
0.02504
0.02439
0.02373
0.02330
0.02330
0.02330
0.02341
0.02134
0.02319
0.02939
0.03810
0.00599
0.03952
0.08938
0.35511
0.14228
0.27129
0.33018
0.46702
0.20129
0.28892
0.32082
0.35816
0.27814
0.29110
0.29622
0.28675
0.30003
0.29262
0.27717
0.28402
0.29415
0.28304
0.28348
0.30656
0.32659
0.32223
0.43142
0.35598
0.41074
0.39321
0.33824
0.23025
